    -440.426225      170.625102
            NaN             NaN
     694.500464      305.369509
            NaN             NaN
    -524.864546       -1.551200
            NaN             NaN
    -475.659557      544.763444
            NaN             NaN
     335.724297      226.172424
            NaN             NaN
     259.744466      -71.050252
            NaN             NaN
    -107.454470      200.912038
            NaN             NaN
    -636.059685     -136.989156
            NaN             NaN
    -243.776596     -250.992488
            NaN             NaN
     475.134573      313.074740
            NaN             NaN
     683.633464       -8.503219
            NaN             NaN
     314.574343      721.714725
            NaN             NaN
      63.898474      359.605842
            NaN             NaN
     521.124470      643.162073
            NaN             NaN
     -20.060352      340.637158
            NaN             NaN
     179.471185      282.165204
            NaN             NaN
     161.363344     -184.866355
            NaN             NaN
     642.931469      462.615828
            NaN             NaN
     668.050463       79.013951
            NaN             NaN
     586.809845      147.352564
            NaN             NaN
     723.740108      529.599912
            NaN             NaN
     480.940309      267.295589
            NaN             NaN
     947.107012      299.503003
            NaN             NaN
     465.895909     -185.209714
            NaN             NaN
     554.756237     1133.894483
            NaN             NaN
     246.359859      -53.765241
            NaN             NaN
     630.360725      536.299768
            NaN             NaN
     125.271833      565.766286
            NaN             NaN
     120.846872      679.935158
            NaN             NaN
     334.619021     1127.820256
            NaN             NaN
     230.692327      379.125769
            NaN             NaN
     972.434589      518.519978
            NaN             NaN
     714.002698      870.298302
            NaN             NaN
    1131.827252      460.632752
            NaN             NaN
     711.899052       15.338521
            NaN             NaN
     733.502093      100.611959
            NaN             NaN
     398.564515      919.100708
            NaN             NaN
     600.424399       73.005082
            NaN             NaN
     240.237960      878.999034
            NaN             NaN
     558.749220      646.994274
            NaN             NaN
     702.797275      416.817751
            NaN             NaN
     308.309284      229.677209
            NaN             NaN
    1123.888361      664.120140
            NaN             NaN
     705.063677     1128.821934
            NaN             NaN
     854.776231      791.716096
            NaN             NaN
     666.795709      791.940629
            NaN             NaN
     872.461013      490.401421
            NaN             NaN
    1001.588276      992.042614
            NaN             NaN
     619.193974      444.803784
            NaN             NaN
     805.508909      403.857926
            NaN             NaN
     746.589075      361.316584
            NaN             NaN
    1600.878926      906.204997
            NaN             NaN
    1536.749325      887.105061
            NaN             NaN
     345.116090      772.345273
            NaN             NaN
     737.331492      748.784460
            NaN             NaN
    1447.116157     1158.008159
            NaN             NaN
     965.719849      640.433083
            NaN             NaN
    1501.918868      721.201071
            NaN             NaN
    1611.825874      718.761443
            NaN             NaN
    1181.736726     1159.859264
            NaN             NaN
    1094.009199     1199.218432
            NaN             NaN
    1371.852354      800.595212
            NaN             NaN
    1001.520903      946.171700
            NaN             NaN
    1123.485310      496.988933
            NaN             NaN
     980.064618      384.800019
            NaN             NaN
    1767.588530     1294.701946
            NaN             NaN
     762.045485      644.106400
            NaN             NaN
    1629.557174     1337.951131
            NaN             NaN
    1254.129359     1639.654464
            NaN             NaN
    1436.777173     1589.412983
            NaN             NaN
    1563.232762      690.589387
            NaN             NaN
     890.990522     1000.154979
            NaN             NaN
    1578.986148      976.901752
            NaN             NaN
     903.253750     1493.886484
            NaN             NaN
    1468.528463     1655.402774
            NaN             NaN
    1378.214219     1381.766716
            NaN             NaN
     715.139906      827.417595
            NaN             NaN
    1559.808528      971.579768
            NaN             NaN
    1803.727217      687.410835
            NaN             NaN
    1225.472180     1054.266198
            NaN             NaN
    1580.934471     1157.845833
            NaN             NaN
    1349.043332     1595.602295
            NaN             NaN
    1268.055452     1010.907854
            NaN             NaN
    1017.559194      856.968169
            NaN             NaN
     928.078083      809.786190
            NaN             NaN
    1320.501348     1600.407052
            NaN             NaN
    1566.303204     1202.412675
            NaN             NaN
    1995.568150     1383.956281
            NaN             NaN
     975.156889     1058.259798
            NaN             NaN
    1016.907262     1434.380187
            NaN             NaN
    1747.013306     1071.400600
            NaN             NaN
    1793.804988      997.923025
            NaN             NaN
    1441.369661     1302.240095
            NaN             NaN
    1690.285370     1638.405357
            NaN             NaN
    1325.971068     1096.707965
            NaN             NaN
    2116.914964      470.905923
            NaN             NaN
    1648.585162     1541.645797
            NaN             NaN
    1813.528044     1353.935068
            NaN             NaN
    2064.648617      957.075602
            NaN             NaN
    1771.347161     1000.970913
            NaN             NaN
    2031.501822     1073.545897
            NaN             NaN
    1725.497479     1794.107272
            NaN             NaN
    1948.799176     1024.778068
            NaN             NaN
    1392.012591     1613.249508
            NaN             NaN
    1833.942076     1258.353257
            NaN             NaN
    1752.433413     1199.912139
            NaN             NaN
    1454.293274     1083.126268
            NaN             NaN
    1320.439502      822.789505
            NaN             NaN
    1869.786879     1216.778738
            NaN             NaN
    2126.967760     1605.557892
            NaN             NaN
    1572.278471     1200.693928
            NaN             NaN
    1822.323633     1264.915944
            NaN             NaN
    1987.191743      688.082473
            NaN             NaN
    2066.332656     1594.030294
            NaN             NaN
    1220.270497     2160.176833
            NaN             NaN
    2262.434235     1313.594398
            NaN             NaN
    1767.002687      512.002783
            NaN             NaN
    1726.362762     1341.948277
            NaN             NaN
    2138.178238      823.862825
            NaN             NaN
    2152.045983     1300.494145
            NaN             NaN
    2415.495849     1623.020192
            NaN             NaN
    2114.433669     1699.150341
            NaN             NaN
    1901.686283     1663.118721
            NaN             NaN
    2514.594676     1143.460284
            NaN             NaN
    2157.487222     1229.055086
            NaN             NaN
    2384.269077     1982.339423
            NaN             NaN
    2036.787104     1496.741037
            NaN             NaN
    2786.420180     1115.386591
            NaN             NaN
    2154.598361     1546.863997
            NaN             NaN
    2622.918605     1552.600777
            NaN             NaN
    2240.439648     1502.243757
            NaN             NaN
    2018.515754     1400.985290
            NaN             NaN
    2180.783979     1407.542991
            NaN             NaN
    2027.525724      973.110553
            NaN             NaN
    2171.815260     1393.236608
            NaN             NaN
    2483.301654     1054.522881
            NaN             NaN
    2600.130845     1385.123752
            NaN             NaN
    2360.591970      853.526639
            NaN             NaN
    2524.525175     1705.543916
            NaN             NaN
    2746.566799     1306.933455
            NaN             NaN
    2109.785894     1401.925388
            NaN             NaN
    2524.744414     1604.470266
            NaN             NaN
    2494.969569     1190.775983
            NaN             NaN
    3104.190600     1336.594917
            NaN             NaN
    2307.175524      787.960972
            NaN             NaN
    2713.447101      423.164688
            NaN             NaN
    2950.603579     1768.037750
            NaN             NaN
    3025.155018     1123.422939
            NaN             NaN
    2821.754760     1086.401480
            NaN             NaN
    3402.975681     1272.762471
            NaN             NaN
    2537.765462     1120.574007
            NaN             NaN
    2979.022310     1341.225232
            NaN             NaN
    3196.122057     1461.324131
            NaN             NaN
    2852.741337     1663.393748
            NaN             NaN
    2743.409524     1554.947578
            NaN             NaN
    3076.838733     1029.195825
            NaN             NaN
    2752.671372      985.168908
            NaN             NaN
    2919.004372     1509.252071
            NaN             NaN
    3110.541350      454.075277
            NaN             NaN
    2620.775411      947.859232
            NaN             NaN
    2947.085111     1560.770683
            NaN             NaN
    2626.137072     1893.574869
            NaN             NaN
    3152.277214     1226.406397
            NaN             NaN
    2594.729191     1854.980806
            NaN             NaN
    3304.757639     1170.176819
            NaN             NaN
    3180.650181     1751.904328
            NaN             NaN
    3012.824466     1196.504129
            NaN             NaN
    2654.566306     1217.480170
            NaN             NaN
    2613.520851     1426.279120
            NaN             NaN
    3791.944279     1462.041218
            NaN             NaN
    3375.260649     1683.876953
            NaN             NaN
    3014.235619     1180.362975
            NaN             NaN
    2744.345442     1125.199362
            NaN             NaN
    3459.532742     1613.089691
            NaN             NaN
    3350.451200     1257.131082
            NaN             NaN
    3082.316950     1429.236761
            NaN             NaN
    3703.880488     1121.366297
            NaN             NaN
    3176.528798     1042.472124
            NaN             NaN
    3119.782340     1059.149677
            NaN             NaN
    3256.863950     1541.726409
            NaN             NaN
    3385.109040     1656.705718
            NaN             NaN
    2861.889898     1227.423395
            NaN             NaN
    3258.014463     2159.130119
            NaN             NaN
    3006.108333     1572.868442
            NaN             NaN
    3636.826437     1244.835100
            NaN             NaN
    3647.819936      904.451638
            NaN             NaN
    4092.768428     1490.509825
            NaN             NaN
    3425.815675     1420.253041
            NaN             NaN
    4154.877148      916.064342
            NaN             NaN
    4016.162748     1010.862699
            NaN             NaN
    3848.818135     1206.530769
            NaN             NaN
    3642.911729     1270.462353
            NaN             NaN
    3937.795537     1456.995644
            NaN             NaN
    4255.821961     1164.001988
            NaN             NaN
    3915.249512      621.245348
            NaN             NaN
    4041.895855      364.444753
            NaN             NaN
    3621.148815      569.167917
            NaN             NaN
    4146.874986      850.736054
            NaN             NaN
    4445.377483      910.995002
            NaN             NaN
    4022.612298     1014.276614
            NaN             NaN
    3861.178802     1051.578405
            NaN             NaN
    4680.434417     1030.898240
            NaN             NaN
    4399.636093     1415.297449
            NaN             NaN
    4455.026024     1466.418816
            NaN             NaN
    4620.431294      835.791945
            NaN             NaN
    4511.214480     1536.267282
            NaN             NaN
    4395.466683      908.980847
            NaN             NaN
    4587.418094      907.194219
            NaN             NaN
    4725.628123      819.682620
            NaN             NaN
    4787.905600      804.856686
            NaN             NaN
    4591.580188     1212.846509
            NaN             NaN
    4423.020448     1330.159515
            NaN             NaN
    4399.582113     1355.043224
            NaN             NaN
    4797.116018      742.154869
            NaN             NaN
    5166.726687     1300.361695
            NaN             NaN
    5003.505743     1176.371381
            NaN             NaN
    5360.888933     1352.896660
            NaN             NaN
    4803.240710      824.857571
            NaN             NaN
    4655.427757      862.139426
            NaN             NaN
    5381.327986     1526.538109
            NaN             NaN
    5539.642403      799.327283
            NaN             NaN
    4632.181000      595.048725
            NaN             NaN
    4658.661204      766.291338
            NaN             NaN
    5020.391642      530.016740
            NaN             NaN
    5176.275007     1237.491422
            NaN             NaN
    4694.113719     1322.184254
            NaN             NaN
    5000.263768     1639.881302
            NaN             NaN
    5341.657200     1002.703128
            NaN             NaN
    4875.944164     1219.647427
            NaN             NaN
    5350.721404      946.701250
            NaN             NaN
    5136.099644     1158.265181
            NaN             NaN
    4940.863759      556.890994
            NaN             NaN
    5412.026151      819.704431
            NaN             NaN
    5513.716159      696.112790
            NaN             NaN
    5234.993704      698.425173
            NaN             NaN
    5321.448394      925.953685
            NaN             NaN
    5389.508530     1079.062640
            NaN             NaN
    5263.412930     1066.974235
            NaN             NaN
    4731.804070      928.210143
            NaN             NaN
    5983.149919      824.930594
            NaN             NaN
    5612.089997      873.324162
            NaN             NaN
    5773.704755      985.975125
            NaN             NaN
    5300.709471      239.012295
            NaN             NaN
    5427.370629      823.574251
            NaN             NaN
    5463.271385     1197.558664
            NaN             NaN
    5882.081788     1157.178617
            NaN             NaN
    5531.839160      485.670788
            NaN             NaN
    5606.296824      471.107942
            NaN             NaN
    5960.145469     1727.315916
            NaN             NaN
    5893.130277     1181.892586
            NaN             NaN
    5767.863308      726.096314
            NaN             NaN
    5688.545337     1334.951084
            NaN             NaN
    5772.340668      905.625468
            NaN             NaN
    5754.921113      169.399871
            NaN             NaN
    5819.993058      597.499288
            NaN             NaN
    5789.006825      603.437042
            NaN             NaN
    6387.695597     1004.444576
            NaN             NaN
    5762.187259       62.861517
            NaN             NaN
    6107.973380      898.685820
            NaN             NaN
    6410.916647      999.309661
            NaN             NaN
    6294.787147     1320.935265
            NaN             NaN
    6261.348352      996.589756
            NaN             NaN
    5805.063554     1309.185807
            NaN             NaN
    6421.729913      895.089773
            NaN             NaN
    6404.612095      702.147146
            NaN             NaN
    6574.061907      805.482015
            NaN             NaN
    6203.354215     1268.447733
            NaN             NaN
    6267.043561     1073.869075
            NaN             NaN
    6602.441837      723.262215
            NaN             NaN
    6426.114769     1366.188102
            NaN             NaN
    6589.602486     1239.168604
            NaN             NaN
    6857.839475     1353.405972
            NaN             NaN
    6396.703190      729.487313
            NaN             NaN
    7190.112173      891.258537
            NaN             NaN
    6499.000241      622.767385
            NaN             NaN
    7252.343648      623.203854
            NaN             NaN
    7126.800662      665.535394
            NaN             NaN
    6505.736315      756.819149
            NaN             NaN
    6390.227009      801.276320
            NaN             NaN
    7253.588705     1224.920678
            NaN             NaN
    7266.869688      764.090263
            NaN             NaN
    7060.769894      980.650485
            NaN             NaN
    7623.990418     1354.512002
            NaN             NaN
    7508.105885     1056.645940
            NaN             NaN
    6547.547817     1237.479636
            NaN             NaN
    7110.999669      769.162657
            NaN             NaN
    7877.727011     1094.979829
            NaN             NaN
    6841.284847     1022.795227
            NaN             NaN
    7755.494129      950.889258
            NaN             NaN
    7636.149674      393.826898
            NaN             NaN
    7783.247982      141.757121
            NaN             NaN
    7737.115273      655.097162
            NaN             NaN
    7317.588448      333.227241
            NaN             NaN
    7584.154453      551.929929
            NaN             NaN
    7600.069335      907.596070
            NaN             NaN
    7560.883010     1335.977226
            NaN             NaN
    8223.437567      841.927949
            NaN             NaN
    7690.711826      328.021732
            NaN             NaN
    7564.856802      942.690814
            NaN             NaN
    8016.620424      584.115862
            NaN             NaN
    7804.368211      530.208731
            NaN             NaN
    7469.806875      850.027433
            NaN             NaN
    7808.431512      956.818554
            NaN             NaN
    7742.324289     1015.662688
            NaN             NaN
    8077.954104      610.845872
            NaN             NaN
    8147.727766      904.285439
            NaN             NaN
    8393.632968      536.986744
            NaN             NaN
    8086.408226     -148.966740
            NaN             NaN
    8409.760691      941.239692
            NaN             NaN
    8103.357055      636.536093
            NaN             NaN
    8583.228037      413.566589
            NaN             NaN
    7950.375102      613.140209
            NaN             NaN
    8007.165737     1513.755525
            NaN             NaN
    8401.952710      143.003656
            NaN             NaN
    8286.471749      650.243214
            NaN             NaN
    8587.942946      498.349044
            NaN             NaN
    8614.271742      873.376014
            NaN             NaN
    8992.360423      900.015940
            NaN             NaN
    8937.634972      624.576016
            NaN             NaN
    8910.365606      909.286852
            NaN             NaN
    8773.582139      458.435605
            NaN             NaN
    9163.935076      454.105339
            NaN             NaN
    8502.874472     1117.701453
            NaN             NaN
    9278.811049      851.704800
            NaN             NaN
    8957.438463      535.357863
            NaN             NaN
    9289.231696      517.898666
            NaN             NaN
    9341.538411     1104.197154
            NaN             NaN
    9664.345685      568.416645
            NaN             NaN
    9365.560178      714.897591
            NaN             NaN
    8992.243514      841.121716
            NaN             NaN
    8949.159492      753.820572
            NaN             NaN
    9091.393718      936.474895
            NaN             NaN
    9318.286560      153.816691
            NaN             NaN
    9395.029026      814.325032
            NaN             NaN
    9271.525896      706.294964
            NaN             NaN
    9752.820603      518.165457
            NaN             NaN
    9146.490751      277.295079
            NaN             NaN
    9698.750072      396.795132
            NaN             NaN
    9970.817002      604.068716
            NaN             NaN
    9650.477166      340.085981
            NaN             NaN
    9447.950932      583.572535
            NaN             NaN
    9929.726737      636.719363
            NaN             NaN
    9942.846101      725.411784
            NaN             NaN
    9736.606454     1007.643856
            NaN             NaN
    9621.731317     1046.836881
            NaN             NaN
   10230.806997     1097.694996
            NaN             NaN
    9709.668266      459.415966
            NaN             NaN
   10628.165586      225.685762
            NaN             NaN
   10211.788759      945.540952
            NaN             NaN
    9911.883112      228.509766
            NaN             NaN
   10533.003950     1137.069557
            NaN             NaN
    9975.748213      694.296122
            NaN             NaN
   10001.251011      398.994053
            NaN             NaN
   10224.638772      597.088981
            NaN             NaN
   10159.122949      829.169280
            NaN             NaN
    9914.835699      630.794195
            NaN             NaN
   10469.321067      435.877962
            NaN             NaN
   10298.148855      406.327703
            NaN             NaN
   10261.209100      541.248899
            NaN             NaN
   10267.763554      593.951609
            NaN             NaN
   10319.163433      857.733590
            NaN             NaN
   10560.752181      417.388465
            NaN             NaN
   10929.025243        8.047420
            NaN             NaN
   10112.486785      782.908680
            NaN             NaN
   10938.235940      722.237374
            NaN             NaN
   10521.694193      210.422836
            NaN             NaN
   11152.341957      902.973499
            NaN             NaN
   11312.865573      310.638547
            NaN             NaN
   10874.498050      719.383503
            NaN             NaN
   11104.513318      167.073308
            NaN             NaN
   10713.787160      722.168083
            NaN             NaN
   10814.186062      166.316593
            NaN             NaN
   10310.359382      721.554151
            NaN             NaN
   11728.492839      507.824598
            NaN             NaN
   11115.375620      603.088393
            NaN             NaN
   11411.575411      756.752821
            NaN             NaN
   10835.172863      395.681429
            NaN             NaN
   11109.863280      635.084979
            NaN             NaN
   10600.716810      863.216852
            NaN             NaN
   11677.216865      954.616726
            NaN             NaN
   11439.487601      767.191117
            NaN             NaN
   11867.104569      585.099778
            NaN             NaN
   11423.787377      699.543490
            NaN             NaN
   11440.911173      589.531757
            NaN             NaN
   11574.860269      489.393376
            NaN             NaN
   11355.415194      633.598138
            NaN             NaN
   11670.866084      984.395862
            NaN             NaN
   12058.761233      568.986899
            NaN             NaN
   11430.047720      114.313041
            NaN             NaN
   11959.558146      392.997000
            NaN             NaN
   11607.752221      323.084007
            NaN             NaN
   11721.908366      766.903528
            NaN             NaN
   12116.257695      975.544376
            NaN             NaN
   11957.015373      366.679030
            NaN             NaN
   11767.764084      600.537162
            NaN             NaN
   12300.993882      812.143070
            NaN             NaN
   12284.525111     1343.089638
            NaN             NaN
   11883.837081      853.896732
            NaN             NaN
   11649.747535      650.664656
            NaN             NaN
   12208.178631      514.327051
            NaN             NaN
   12637.470641      562.399090
            NaN             NaN
   12080.471049      932.693961
            NaN             NaN
   11994.755485      993.175211
            NaN             NaN
   12516.670148     1037.640199
            NaN             NaN
   12344.590114     1004.710188
            NaN             NaN
   12482.414902      833.119747
            NaN             NaN
   12610.552333      464.730512
            NaN             NaN
   12677.175631      915.643197
            NaN             NaN
   12958.564440     1103.736498
            NaN             NaN
   12224.048955     1043.572113
            NaN             NaN
   12453.439859     1088.221308
            NaN             NaN
   12749.775486      697.537391
            NaN             NaN
   13357.305836     1168.963673
            NaN             NaN
   13021.945009     1234.127234
            NaN             NaN
   12659.237365     1157.815469
            NaN             NaN
   13056.843177      349.963878
            NaN             NaN
   13234.890427     1208.603876
            NaN             NaN
   12976.588518     1233.909563
            NaN             NaN
   13099.484424      997.786461
            NaN             NaN
   13196.341557      936.437977
            NaN             NaN
   13032.862028      902.705495
            NaN             NaN
   13425.566535      910.708464
            NaN             NaN
   12952.720460     1407.349793
            NaN             NaN
   13090.033926     1436.844194
            NaN             NaN
   13413.775125     1325.393832
            NaN             NaN
   13162.172686     1263.913587
            NaN             NaN
   14158.482313     1305.317419
            NaN             NaN
   13452.657119     1005.503281
            NaN             NaN
   13035.567322     1164.312415
            NaN             NaN
   13500.193314     1694.710812
            NaN             NaN
   13196.105457     1746.471813
            NaN             NaN
   13775.804848     1389.706191
            NaN             NaN
   14118.634382     1131.552249
            NaN             NaN
   13840.131596     1772.594386
            NaN             NaN
   14166.622369     1142.788840
            NaN             NaN
   14273.092929     1077.270941
            NaN             NaN
   13479.142454     1056.728201
            NaN             NaN
   14120.643537     1338.688656
            NaN             NaN
   14297.376356     1534.126246
            NaN             NaN
   14020.858274     2149.460970
            NaN             NaN
   13886.981839     1457.137683
            NaN             NaN
   14217.891471     1449.444393
            NaN             NaN
   14323.939089     1303.564597
            NaN             NaN
   14382.767857     1536.536592
            NaN             NaN
   14111.296272     1922.959034
            NaN             NaN
   14334.098249     1605.329636
            NaN             NaN
   13855.266853     1800.865785
            NaN             NaN
   14717.522747     1622.722379
            NaN             NaN
   14698.516686     1465.158478
            NaN             NaN
   14225.502126     1411.155759
            NaN             NaN
   14187.191100     1630.238552
            NaN             NaN
   14169.126623     2044.412144
            NaN             NaN
   14848.678075      941.280166
            NaN             NaN
   14734.496927     1415.028253
            NaN             NaN
   15264.302930     1217.362537
            NaN             NaN
   14663.432237     1624.849433
            NaN             NaN
   14776.625217     1839.623987
            NaN             NaN
   14580.374186     1748.855028
            NaN             NaN
   14606.488188     1752.812954
            NaN             NaN
   15185.948257     2133.346028
            NaN             NaN
   15489.230540     1516.714023
            NaN             NaN
   15607.293903     1519.287473
            NaN             NaN
   15838.360451     2353.136117
            NaN             NaN
   14968.972265     1902.723465
            NaN             NaN
   14713.379259     1744.849065
            NaN             NaN
   15383.231912     1789.924291
            NaN             NaN
   15320.858327     2199.332564
            NaN             NaN
   15117.955237     1625.963606
            NaN             NaN
   15343.293490     1714.000655
            NaN             NaN
   15209.591681     2183.328523
            NaN             NaN
   15330.310471     1869.926778
            NaN             NaN
   16346.099687     2352.289505
            NaN             NaN
   15798.072021     1804.182158
            NaN             NaN
   15461.407889      823.076241
            NaN             NaN
   15943.494485     2814.343311
            NaN             NaN
   15660.855750     2263.146860
            NaN             NaN
   15516.435454     1438.194173
            NaN             NaN
   15654.454565     2290.723689
            NaN             NaN
   16142.815941     2277.963087
            NaN             NaN
   16419.160469     2119.511859
            NaN             NaN
   16212.484260     2206.040730
            NaN             NaN
   15916.993661     1547.725097
            NaN             NaN
   16224.044136     2447.252689
            NaN             NaN
   15629.057168     1726.506133
            NaN             NaN
   16282.620996     2189.081095
            NaN             NaN
   16127.378897     2816.538743
            NaN             NaN
   16366.773868     1875.749368
            NaN             NaN
   15646.902550     1858.369544
            NaN             NaN
   16450.484469     2321.588245
            NaN             NaN
   15830.026377     1958.815328
            NaN             NaN
   16326.576704     1978.969177
            NaN             NaN
   15964.506923     2710.631899
            NaN             NaN
   16205.149972     2659.048628
            NaN             NaN
   17267.039736     2445.862362
            NaN             NaN
   16925.619628     2784.736900
            NaN             NaN
   16612.737015     2361.488728
            NaN             NaN
   16653.617836     2218.211861
            NaN             NaN
   16519.262803     2854.983507
            NaN             NaN
   16511.743028     2174.669915
            NaN             NaN
   16878.016776     2754.286933
            NaN             NaN
