            NaN             NaN
      -8.106085        0.790481
            NaN             NaN
      -3.749267        0.801744
            NaN             NaN
      52.692162        0.801882
            NaN             NaN
      35.004435        0.800656
            NaN             NaN
     129.902024        0.794818
            NaN             NaN
     190.527232        0.780381
            NaN             NaN
     132.594433        0.770905
            NaN             NaN
     189.603860        0.771838
            NaN             NaN
     290.819620        0.771696
            NaN             NaN
     253.179517        0.771914
            NaN             NaN
     203.358486        0.773991
            NaN             NaN
     333.663252        0.780319
            NaN             NaN
     202.167315        0.789227
            NaN             NaN
     395.722020        0.798304
            NaN             NaN
     359.131783        0.803494
            NaN             NaN
     411.659938        0.806484
            NaN             NaN
     422.728451        0.812779
            NaN             NaN
     546.388509        0.812323
            NaN             NaN
     550.818803        0.812623
            NaN             NaN
     522.132624        0.815305
            NaN             NaN
     655.480236        0.818686
            NaN             NaN
     731.931216        0.822286
            NaN             NaN
     648.484749        0.824085
            NaN             NaN
     656.494152        0.827145
            NaN             NaN
     657.389824        0.827222
            NaN             NaN
     656.242141        0.829519
            NaN             NaN
     690.916938        0.829447
            NaN             NaN
     793.053879        0.831950
            NaN             NaN
     776.973597        0.834418
            NaN             NaN
     799.979481        0.839901
            NaN             NaN
     857.494604        0.840962
            NaN             NaN
     796.767929        0.840622
            NaN             NaN
     888.943738        0.843947
            NaN             NaN
     906.560051        0.845991
            NaN             NaN
     932.687029        0.848531
            NaN             NaN
     933.513074        0.853688
            NaN             NaN
     948.793329        0.857920
            NaN             NaN
     953.936333        0.860618
            NaN             NaN
     965.671857        0.863096
            NaN             NaN
     959.238704        0.867179
            NaN             NaN
    1006.720835        0.869481
            NaN             NaN
    1074.713494        0.875541
            NaN             NaN
    1094.811691        0.877359
            NaN             NaN
    1115.867257        0.879999
            NaN             NaN
    1191.500719        0.881770
            NaN             NaN
    1180.552882        0.886055
            NaN             NaN
    1172.023596        0.887515
            NaN             NaN
    1144.732793        0.889773
            NaN             NaN
    1234.615883        0.892288
            NaN             NaN
    1275.241522        0.892881
            NaN             NaN
    1247.462924        0.896604
            NaN             NaN
    1197.273299        0.899503
            NaN             NaN
    1245.782157        0.902265
            NaN             NaN
    1341.069030        0.902650
            NaN             NaN
    1336.538139        0.905289
            NaN             NaN
    1471.378638        0.905736
            NaN             NaN
    1411.028623        0.909175
            NaN             NaN
    1493.126139        0.908640
            NaN             NaN
    1428.167124        0.908353
            NaN             NaN
    1502.760598        0.908450
            NaN             NaN
    1551.104524        0.910159
            NaN             NaN
    1539.169109        0.910468
            NaN             NaN
    1473.846170        0.908157
            NaN             NaN
    1586.785376        0.909738
            NaN             NaN
    1605.848471        0.910868
            NaN             NaN
    1608.523591        0.910092
            NaN             NaN
    1609.717895        0.912053
            NaN             NaN
    1711.554034        0.914001
            NaN             NaN
    1600.577180        0.915987
            NaN             NaN
    1757.818172        0.915076
            NaN             NaN
    1683.824520        0.915751
            NaN             NaN
    1734.324249        0.916151
            NaN             NaN
    1681.083719        0.916017
            NaN             NaN
    1775.291199        0.916992
            NaN             NaN
    1692.344573        0.915066
            NaN             NaN
    1729.742234        0.913526
            NaN             NaN
    1679.243285        0.912581
            NaN             NaN
    1732.969851        0.912919
            NaN             NaN
    1885.429290        0.913385
            NaN             NaN
    1808.568167        0.913520
            NaN             NaN
    1800.811927        0.914474
            NaN             NaN
    1866.849805        0.913714
            NaN             NaN
    1802.298711        0.914730
            NaN             NaN
    1800.833261        0.915773
            NaN             NaN
    1875.493737        0.918536
            NaN             NaN
    1958.760295        0.919737
            NaN             NaN
    1943.233727        0.920662
            NaN             NaN
    2017.911079        0.922240
            NaN             NaN
    1946.150881        0.924856
            NaN             NaN
    1870.075885        0.928165
            NaN             NaN
    1967.843401        0.930107
            NaN             NaN
    2037.132797        0.932387
            NaN             NaN
    1929.815742        0.934483
            NaN             NaN
    1924.436332        0.936280
            NaN             NaN
    1974.734229        0.940557
            NaN             NaN
    2008.055729        0.944256
            NaN             NaN
    2060.017185        0.945856
            NaN             NaN
    2036.179965        0.948437
            NaN             NaN
    2094.346122        0.950651
            NaN             NaN
    2010.410430        0.954596
            NaN             NaN
    2107.663469        0.955126
            NaN             NaN
    2135.739005        0.956088
            NaN             NaN
    2159.276945        0.961495
            NaN             NaN
    2143.846793        0.962916
            NaN             NaN
    2119.773121        0.965463
            NaN             NaN
    2160.716957        0.969121
            NaN             NaN
    2176.796995        0.975227
            NaN             NaN
    2168.343017        0.978486
            NaN             NaN
    2316.049927        0.982006
            NaN             NaN
    2290.939311        0.985608
            NaN             NaN
    2254.228315        0.990146
            NaN             NaN
    2183.887947        0.993001
            NaN             NaN
    2281.722986        0.998757
            NaN             NaN
    2268.366787        1.000928
            NaN             NaN
    2251.323287        1.005250
            NaN             NaN
    2270.152155        1.009815
            NaN             NaN
    2330.628444        1.012773
            NaN             NaN
    2258.344481        1.016300
            NaN             NaN
    2427.399278        1.019813
            NaN             NaN
    2369.348327        1.022585
            NaN             NaN
    2280.741174        1.026631
            NaN             NaN
    2344.986450        1.029657
            NaN             NaN
    2393.213775        1.031133
            NaN             NaN
    2402.398288        1.034964
            NaN             NaN
    2428.845896        1.038177
            NaN             NaN
    2502.727685        1.041331
            NaN             NaN
    2504.852192        1.044052
            NaN             NaN
    2452.767895        1.047790
            NaN             NaN
    2536.477616        1.051459
            NaN             NaN
    2585.515053        1.055493
            NaN             NaN
    2552.739081        1.059853
            NaN             NaN
    2608.277768        1.064417
            NaN             NaN
    2587.307914        1.068687
            NaN             NaN
    2679.514206        1.071885
            NaN             NaN
    2642.648836        1.075274
            NaN             NaN
    2673.210550        1.079867
            NaN             NaN
    2577.997640        1.082147
            NaN             NaN
    2680.094552        1.086842
            NaN             NaN
    2810.629896        1.089834
            NaN             NaN
    2735.428608        1.093659
            NaN             NaN
    2743.698468        1.096417
            NaN             NaN
    2818.702992        1.099542
            NaN             NaN
    2939.529896        1.100269
            NaN             NaN
    2840.181194        1.103973
            NaN             NaN
    2888.146790        1.104751
            NaN             NaN
    2902.691194        1.108123
            NaN             NaN
    2890.715009        1.109827
            NaN             NaN
    2904.007287        1.110699
            NaN             NaN
    2934.995246        1.112706
            NaN             NaN
    3053.813755        1.116457
            NaN             NaN
    2885.212663        1.118791
            NaN             NaN
    3028.020293        1.119835
            NaN             NaN
    3035.475777        1.124359
            NaN             NaN
    3020.052319        1.125805
            NaN             NaN
    3051.588391        1.130150
            NaN             NaN
    3122.107767        1.135256
            NaN             NaN
    3108.897880        1.137706
            NaN             NaN
    3232.307445        1.141100
            NaN             NaN
    3191.162494        1.143925
            NaN             NaN
    3269.459976        1.149551
            NaN             NaN
    3184.653674        1.152689
            NaN             NaN
    3279.634550        1.157488
            NaN             NaN
    3287.760111        1.160123
            NaN             NaN
    3284.548037        1.164600
            NaN             NaN
    3395.297151        1.168125
            NaN             NaN
    3337.000594        1.174098
            NaN             NaN
    3348.655230        1.174550
            NaN             NaN
    3415.265745        1.181908
            NaN             NaN
    3434.263430        1.187085
            NaN             NaN
    3467.194829        1.191759
            NaN             NaN
    3515.466955        1.197844
            NaN             NaN
    3552.918729        1.202671
            NaN             NaN
    3560.740035        1.204990
            NaN             NaN
    3623.958910        1.211692
            NaN             NaN
    3644.659655        1.216593
            NaN             NaN
    3607.953072        1.221860
            NaN             NaN
    3678.636630        1.226106
            NaN             NaN
    3719.737772        1.230485
            NaN             NaN
    3671.738701        1.233351
            NaN             NaN
    3684.396328        1.237778
            NaN             NaN
    3826.684387        1.240754
            NaN             NaN
    3838.599661        1.247020
            NaN             NaN
    3867.736840        1.248376
            NaN             NaN
    3814.660879        1.254111
            NaN             NaN
    3927.749284        1.256774
            NaN             NaN
    3864.739761        1.260096
            NaN             NaN
    3958.643505        1.263935
            NaN             NaN
    4045.499830        1.269027
            NaN             NaN
    3935.808770        1.271492
            NaN             NaN
    4128.604556        1.273564
            NaN             NaN
    4073.462899        1.278294
            NaN             NaN
    4024.996163        1.280298
            NaN             NaN
    4146.337521        1.283772
            NaN             NaN
    4263.270920        1.286878
            NaN             NaN
    4230.287215        1.289100
            NaN             NaN
    4303.586138        1.294423
            NaN             NaN
    4184.175289        1.295980
            NaN             NaN
    4183.639873        1.300948
            NaN             NaN
    4392.458234        1.305843
            NaN             NaN
    4347.363786        1.307708
            NaN             NaN
    4357.766107        1.309829
            NaN             NaN
    4414.676663        1.311903
            NaN             NaN
    4453.207687        1.314501
            NaN             NaN
    4550.571953        1.319730
            NaN             NaN
    4504.353902        1.322375
            NaN             NaN
    4588.512789        1.324164
            NaN             NaN
    4565.840345        1.329123
            NaN             NaN
    4589.256008        1.331368
            NaN             NaN
    4561.209752        1.335431
            NaN             NaN
    4662.199844        1.339395
            NaN             NaN
    4647.263886        1.340487
            NaN             NaN
    4677.918746        1.344984
            NaN             NaN
    4783.334944        1.348972
            NaN             NaN
    4935.464838        1.351395
            NaN             NaN
    4737.893910        1.354257
            NaN             NaN
    4908.814031        1.357527
            NaN             NaN
    4812.480838        1.359257
            NaN             NaN
    4995.312637        1.360530
            NaN             NaN
    4933.035264        1.363789
            NaN             NaN
    4947.642020        1.366844
            NaN             NaN
    4985.691260        1.369780
            NaN             NaN
    5064.943445        1.370485
            NaN             NaN
    5056.040682        1.373350
            NaN             NaN
    5116.136710        1.375092
            NaN             NaN
    5187.830485        1.378943
            NaN             NaN
    5086.470989        1.380459
            NaN             NaN
    5271.810818        1.381694
            NaN             NaN
    5313.039202        1.382591
            NaN             NaN
    5158.251787        1.381710
            NaN             NaN
    5317.556083        1.385051
            NaN             NaN
    5288.295895        1.385984
            NaN             NaN
    5269.711765        1.387278
            NaN             NaN
    5432.125258        1.389419
            NaN             NaN
    5517.070735        1.389886
            NaN             NaN
    5438.947361        1.390663
            NaN             NaN
    5376.362954        1.392330
            NaN             NaN
    5493.897374        1.393091
            NaN             NaN
    5491.661743        1.396065
            NaN             NaN
    5568.679229        1.398177
            NaN             NaN
    5553.357572        1.396944
            NaN             NaN
    5674.136639        1.399844
            NaN             NaN
    5783.968596        1.401932
            NaN             NaN
    5665.169686        1.404065
            NaN             NaN
    5717.728582        1.405563
            NaN             NaN
    5813.146772        1.405982
            NaN             NaN
    5764.453966        1.405918
            NaN             NaN
    5730.026495        1.407469
            NaN             NaN
    5858.728250        1.409536
            NaN             NaN
    5887.493508        1.411843
            NaN             NaN
    5836.762208        1.411768
            NaN             NaN
    5923.927148        1.412935
            NaN             NaN
    5949.867688        1.413788
            NaN             NaN
    5960.036452        1.413586
            NaN             NaN
    6030.011593        1.416510
            NaN             NaN
    6028.893681        1.413725
            NaN             NaN
    6108.141213        1.416068
            NaN             NaN
    6172.584487        1.417208
            NaN             NaN
    6237.087173        1.416794
            NaN             NaN
    6188.272088        1.419058
            NaN             NaN
    6337.919276        1.421414
            NaN             NaN
    6323.760211        1.421842
            NaN             NaN
    6230.005943        1.420091
            NaN             NaN
    6376.685174        1.422765
            NaN             NaN
    6404.299083        1.424722
            NaN             NaN
    6573.236138        1.427055
            NaN             NaN
    6422.696860        1.427218
            NaN             NaN
    6610.231214        1.429021
            NaN             NaN
    6604.071429        1.428413
            NaN             NaN
    6522.990723        1.432051
            NaN             NaN
    6599.819823        1.432572
            NaN             NaN
    6700.924250        1.434394
            NaN             NaN
    6652.795100        1.436129
            NaN             NaN
    6737.407849        1.436709
            NaN             NaN
    6888.290945        1.438989
            NaN             NaN
    6881.380303        1.439025
            NaN             NaN
    6865.287980        1.441045
            NaN             NaN
    6978.210133        1.441851
            NaN             NaN
    6994.935805        1.443641
            NaN             NaN
    6998.168462        1.444508
            NaN             NaN
    7092.541005        1.448284
            NaN             NaN
    7091.464286        1.448128
            NaN             NaN
    7113.440915        1.449590
            NaN             NaN
    7098.816097        1.450412
            NaN             NaN
    7326.426485        1.451422
            NaN             NaN
    7345.849388        1.453155
            NaN             NaN
    7383.532662        1.455748
            NaN             NaN
    7320.252530        1.455939
            NaN             NaN
    7400.856967        1.457507
            NaN             NaN
    7429.489770        1.460217
            NaN             NaN
    7522.522596        1.458427
            NaN             NaN
    7544.297599        1.462249
            NaN             NaN
    7616.773002        1.463498
            NaN             NaN
    7656.023945        1.464320
            NaN             NaN
    7642.062911        1.464535
            NaN             NaN
    7723.903798        1.469335
            NaN             NaN
    7748.187593        1.470158
            NaN             NaN
    7807.465821        1.472399
            NaN             NaN
    7816.229485        1.470801
            NaN             NaN
    7967.269623        1.473366
            NaN             NaN
    8054.559159        1.475698
            NaN             NaN
    8016.588066        1.477601
            NaN             NaN
    8069.809505        1.478008
            NaN             NaN
    8070.927024        1.479832
            NaN             NaN
    8126.388648        1.480858
            NaN             NaN
    8197.622028        1.480861
            NaN             NaN
    8322.971367        1.484574
            NaN             NaN
    8389.362147        1.484703
            NaN             NaN
    8243.908806        1.487130
            NaN             NaN
    8330.624480        1.486500
            NaN             NaN
    8407.342785        1.489310
            NaN             NaN
    8513.098736        1.488637
            NaN             NaN
    8545.183442        1.487979
            NaN             NaN
    8562.368616        1.490647
            NaN             NaN
    8591.198218        1.491190
            NaN             NaN
    8597.534329        1.492136
            NaN             NaN
    8736.637166        1.493898
            NaN             NaN
    8730.261066        1.496098
            NaN             NaN
    8742.720274        1.495865
            NaN             NaN
    8828.204049        1.496239
            NaN             NaN
    8853.171098        1.495314
            NaN             NaN
    8872.333861        1.498138
            NaN             NaN
    8796.758180        1.498217
            NaN             NaN
    9042.740247        1.500787
            NaN             NaN
    8925.187014        1.500766
            NaN             NaN
    9136.579994        1.499203
            NaN             NaN
    9155.414776        1.502422
            NaN             NaN
    9138.224220        1.500072
            NaN             NaN
    9261.782974        1.501797
            NaN             NaN
    9243.558571        1.503297
            NaN             NaN
    9330.942174        1.503695
            NaN             NaN
    9396.152752        1.502646
            NaN             NaN
    9386.791749        1.504713
            NaN             NaN
    9429.484789        1.505098
            NaN             NaN
    9405.725479        1.503764
            NaN             NaN
    9519.946607        1.505486
            NaN             NaN
    9469.210950        1.504963
            NaN             NaN
    9561.065386        1.506065
            NaN             NaN
    9599.740222        1.505230
            NaN             NaN
    9666.483485        1.505689
            NaN             NaN
    9608.397274        1.506106
            NaN             NaN
    9766.366469        1.505223
            NaN             NaN
    9761.750888        1.508042
            NaN             NaN
    9830.538711        1.508073
            NaN             NaN
    9835.655108        1.508563
            NaN             NaN
    9859.079713        1.508328
            NaN             NaN
    9965.804140        1.508501
            NaN             NaN
    9965.750702        1.508960
            NaN             NaN
   10021.382254        1.511043
            NaN             NaN
   10035.427962        1.511604
            NaN             NaN
    9978.663206        1.510721
            NaN             NaN
   10137.385133        1.512366
            NaN             NaN
   10219.822672        1.511689
            NaN             NaN
   10168.281785        1.511227
            NaN             NaN
   10225.937859        1.512754
            NaN             NaN
   10241.289004        1.513906
            NaN             NaN
   10337.041115        1.511642
            NaN             NaN
   10364.937104        1.511046
            NaN             NaN
   10453.258995        1.511782
            NaN             NaN
   10502.221847        1.512907
            NaN             NaN
   10507.401116        1.513134
            NaN             NaN
   10602.875611        1.512764
            NaN             NaN
   10610.579318        1.511281
            NaN             NaN
   10670.462109        1.513958
            NaN             NaN
   10675.020684        1.511931
            NaN             NaN
   10737.959906        1.513745
            NaN             NaN
   10780.417776        1.515072
            NaN             NaN
   10770.512306        1.512727
            NaN             NaN
   10952.865924        1.513465
            NaN             NaN
   10916.622381        1.513716
            NaN             NaN
   10959.461154        1.514703
            NaN             NaN
   10991.884015        1.516313
            NaN             NaN
   10993.975081        1.515030
            NaN             NaN
   11115.944016        1.517024
            NaN             NaN
   11176.000256        1.516068
            NaN             NaN
   11125.944673        1.516380
            NaN             NaN
   11152.430875        1.516484
            NaN             NaN
   11266.118870        1.515343
            NaN             NaN
   11300.152299        1.516192
            NaN             NaN
   11370.661298        1.517136
            NaN             NaN
   11329.766587        1.515722
            NaN             NaN
   11485.714108        1.516260
            NaN             NaN
   11457.652185        1.516691
            NaN             NaN
   11499.330978        1.517776
            NaN             NaN
   11557.185072        1.516569
            NaN             NaN
   11696.353728        1.514788
            NaN             NaN
   11688.366931        1.517556
            NaN             NaN
   11788.050456        1.514690
            NaN             NaN
   11783.890603        1.513491
            NaN             NaN
   11775.197452        1.513996
            NaN             NaN
   11860.577403        1.511665
            NaN             NaN
   11837.818807        1.512189
            NaN             NaN
   11915.974277        1.511862
            NaN             NaN
   11927.354806        1.510165
            NaN             NaN
   11942.373082        1.509214
            NaN             NaN
   12079.282630        1.508515
            NaN             NaN
   12072.700811        1.507547
            NaN             NaN
   12091.758637        1.506100
            NaN             NaN
   12220.247559        1.504844
            NaN             NaN
   12353.610808        1.503509
            NaN             NaN
   12252.849677        1.504130
            NaN             NaN
   12375.220235        1.503346
            NaN             NaN
   12380.290541        1.501083
            NaN             NaN
   12397.094694        1.502048
            NaN             NaN
   12458.740142        1.500141
            NaN             NaN
   12539.474100        1.498895
            NaN             NaN
   12510.135624        1.499015
            NaN             NaN
   12678.209290        1.498859
            NaN             NaN
   12603.424498        1.495931
            NaN             NaN
   12722.511537        1.496690
            NaN             NaN
   12818.030774        1.497110
            NaN             NaN
   12774.844346        1.494302
            NaN             NaN
   12898.068501        1.493496
            NaN             NaN
   12892.548080        1.491510
            NaN             NaN
   12901.291460        1.491016
            NaN             NaN
   13043.036230        1.491882
            NaN             NaN
   12983.814061        1.489899
            NaN             NaN
   13130.776540        1.488980
            NaN             NaN
   13143.890403        1.489627
            NaN             NaN
   13266.778901        1.489311
            NaN             NaN
   13177.537575        1.488283
            NaN             NaN
   13244.642351        1.487680
            NaN             NaN
   13285.262113        1.485957
            NaN             NaN
   13366.768094        1.483184
            NaN             NaN
   13403.944498        1.483976
            NaN             NaN
   13437.149752        1.483831
            NaN             NaN
   13608.819110        1.480902
            NaN             NaN
   13593.502575        1.483679
            NaN             NaN
   13631.083748        1.482837
            NaN             NaN
   13677.930771        1.480116
            NaN             NaN
   13660.129716        1.481762
            NaN             NaN
   13818.812403        1.480033
            NaN             NaN
   13832.616535        1.478643
            NaN             NaN
   13728.744626        1.478681
            NaN             NaN
   13931.718823        1.476672
            NaN             NaN
   13985.058456        1.476674
            NaN             NaN
   14129.530876        1.473810
            NaN             NaN
   14071.485780        1.475754
            NaN             NaN
   14193.281776        1.475162
            NaN             NaN
   14147.990794        1.473765
            NaN             NaN
   14246.988767        1.473153
            NaN             NaN
   14300.025402        1.471089
            NaN             NaN
   14346.767781        1.470516
            NaN             NaN
   14300.549907        1.470713
            NaN             NaN
   14402.602140        1.470272
            NaN             NaN
   14427.083760        1.468901
            NaN             NaN
   14489.233415        1.468431
            NaN             NaN
   14583.048727        1.468660
            NaN             NaN
   14523.009912        1.467283
            NaN             NaN
   14682.859682        1.465897
            NaN             NaN
   14709.274095        1.464006
            NaN             NaN
   14783.490142        1.464936
            NaN             NaN
   14801.420236        1.466651
            NaN             NaN
   14872.368700        1.462822
            NaN             NaN
   14876.332666        1.464189
            NaN             NaN
   15022.226888        1.464959
            NaN             NaN
   15014.120605        1.461260
            NaN             NaN
   14978.814959        1.461419
            NaN             NaN
   15037.806069        1.459051
            NaN             NaN
   15158.888593        1.458236
            NaN             NaN
   15153.663894        1.459865
            NaN             NaN
   15147.600280        1.458443
            NaN             NaN
   15292.998287        1.457636
            NaN             NaN
   15468.454540        1.457860
            NaN             NaN
   15326.582438        1.455842
            NaN             NaN
   15409.855816        1.455289
            NaN             NaN
   15495.706824        1.456102
            NaN             NaN
   15460.953194        1.453013
            NaN             NaN
   15529.300371        1.452341
            NaN             NaN
   15611.130032        1.452371
            NaN             NaN
   15670.347822        1.451170
            NaN             NaN
   15684.342229        1.448834
            NaN             NaN
   15827.453536        1.448743
            NaN             NaN
   15752.304709        1.450124
            NaN             NaN
   15781.456268        1.443946
            NaN             NaN
   15826.323338        1.446890
            NaN             NaN
   15914.429500        1.444512
            NaN             NaN
   16000.210640        1.445016
            NaN             NaN
   16021.449701        1.442120
            NaN             NaN
   16122.297901        1.441888
            NaN             NaN
   16067.901583        1.441680
            NaN             NaN
   16163.049648        1.438669
            NaN             NaN
   16104.420763        1.437869
            NaN             NaN
   16244.843638        1.439633
            NaN             NaN
   16337.433274        1.436890
            NaN             NaN
   16297.173598        1.436005
            NaN             NaN
   16271.404779        1.434451
            NaN             NaN
   16413.207189        1.433581
            NaN             NaN
   16487.538134        1.432946
            NaN             NaN
   16525.176607        1.433980
            NaN             NaN
   16493.107692        1.432052
            NaN             NaN
   16642.245246        1.431198
            NaN             NaN
   16572.494382        1.429126
            NaN             NaN
   16759.070770        1.429182
            NaN             NaN
   16592.628978        1.429149
            NaN             NaN
   16753.272701        1.427787
            NaN             NaN
   16789.128726        1.427722
            NaN             NaN
   16806.267705        1.425811
            NaN             NaN
   16945.280509        1.425741
            NaN             NaN
   16870.599931        1.425211
            NaN             NaN
   16867.125886        1.423472
